- name: LiU
  latitude: 58.401641
  longitude: 15.577524
  radius: 500
  icon: mdi:school
